100
4 2
5 2
6 2
1000 1000
1000 1
486 480
965 929
701 592
599 542
500 255
2 2
999 255
999 498
878 832
681 618
842 824
402 331
999 998
786 657
999 127
935 753
884 737
1 1
967 727
1000 999
2 1
1000 127
960 952
999 2
792 673
500 2
1000 500
413 319
500 117
999 1
999 256
500 248
1000 255
1000 488
678 531
500 116
500 225
691 654
378 332
500 256
5 1
723 650
999 511
1000 511
469 352
796 645
4 1
999 999
706 655
1000 256
500 244
999 488
500 127
752 664
1000 128
500 499
1000 512
500 1
1000 499
999 128
848 636
614 480
670 515
562 539
500 249
1000 286
274 210
3 2
500 250
999 346
462 398
475 420
1000 498
999 499
637 489
500 245
931 882
1000 489
472 379
500 128
659 602
284 238
827 801
500 107
999 487
975 868
500 500
799 602
999 512
374 301
1000 2
683 642
3 1
999 497
479 451
