100
4 2
5 2
6 2
1000 1000
1000 1
361027 286257
514579 442839
1000000 127
999999 262143
1000000 524287
1 1
587350 464569
858919 810824
500000 237857
1000000 480459
505763 473110
860516 783404
387488 372847
999999 524287
1000000 1000000
1000000 128
500000 237856
2 2
500000 250000
2 1
500000 249998
3 2
485557 441685
500000 262144
3 1
430561 357160
1000000 475713
999999 499999
999999 999998
500000 2
1000000 262143
999999 475712
925419 814205
599762 560362
999999 499997
489921 446115
336882 312895
1000000 2
999999 475711
500000 262143
479528 459483
999999 262144
871363 815006
500000 210984
1000000 524288
999999 127
500000 128
999999 499998
253794 190952
834975 659401
1000000 499998
5 1
318012 260371
499683 467279
500000 131071
428834 382929
1000000 1
931689 917853
324108 302144
646485 561619
500000 131072
500000 1
926429 915211
384112 311740
500000 499999
999999 999999
676667 571210
1000000 499999
756272 742154
445883 445833
999999 2
442773 383658
997545 986407
999999 520793
292016 276837
999999 524288
999999 128
960717 764442
1000000 262144
1000000 475712
4 1
500000 127
1000000 269037
1000000 500000
700081 531750
500000 249999
500000 500000
746822 739014
1000000 999999
999999 1
876781 659916
500000 257765
754432 634063
999999 287462
448365 411629
