100
4 2
5 2
6 2
1000 1000
1000 1
999 487
1000 255
999 498
500 499
500 2
1000 128
278 245
500 1
1000 489
455 405
794 775
500 117
1000 256
637 570
999 256
386 385
1000 498
999 127
804 738
963 784
500 255
999 499
1000 488
999 512
500 249
580 460
500 248
1000 511
999 999
996 806
500 254
872 673
999 284
1000 512
434 413
784 634
500 244
531 433
487 406
999 497
5 1
752 690
999 1
257 222
3 1
1000 499
999 510
500 500
1000 999
2 2
500 215
677 583
500 127
1 1
257 250
1000 492
604 475
500 250
520 390
965 923
800 651
729 606
3 2
598 583
999 2
999 255
941 861
960 795
372 307
884 733
727 692
500 245
729 655
1000 500
999 511
999 128
841 654
500 116
1000 2
1000 127
803 638
500 128
500 105
4 1
952 939
999 998
368 308
500 256
850 802
1000 264
2 1
999 488
829 794
803 613
378 292
