100
2
0.2500 0.5000 0.5000 0.2500
3
0.0000 0.0000 0.0000 0.0009 0.0013 0.1776
1
1.0000 0.1234
2
0.6582 0.9149 0.6323 0.7738
4
0.0457 0.8281 0.6768 0.4808 0.1729 0.6221 0.2350 0.5020
4
0.7340 0.1245 0.2843 0.0376 0.5786 0.3078 0.0497 0.3055
2
0.1360 0.3566 0.2761 0.9106
4
0.9154 0.4071 0.3276 0.1691 0.5052 0.6744 0.6908 0.6624
4
0.5716 0.7867 0.4964 0.2498 0.0530 0.5875 0.4873 0.4211
3
0.4701 0.6967 0.6872 0.1391 0.3280 0.6621
2
0.5404 0.0400 0.0640 0.0807
3
0.8737 0.1350 0.2562 0.4514 0.2047 0.9689
4
0.3996 0.3997 0.3996 0.3999 0.3997 0.3999 0.4000 0.4005
4
0.4000 0.4000 0.5000 0.5000 0.6000 0.6000 0.6000 0.4000
3
0.6564 0.9260 0.1087 0.8540 0.7685 0.3911
3
0.4814 0.9875 0.2660 0.4104 0.5678 0.0957
4
0.5266 0.6600 0.9067 0.9155 0.9539 0.5689 0.3718 0.2136
4
0.2422 0.7721 0.2114 0.8991 0.6946 0.0001 0.3177 0.0269
2
0.3947 0.5644 0.3825 0.9661
4
0.7778 0.6667 0.8889 0.2222 0.4444 0.5556 0.3333 0.1111
4
0.3411 0.0775 0.1940 0.8602 0.3418 0.8166 0.7094 0.9456
3
0.2737 0.4925 0.0722 0.3610 0.3285 0.6380
4
0.0356 0.2851 0.3088 0.1024 0.1873 0.5831 0.0131 0.2214
4
0.8443 0.3735 0.1622 0.6534 0.8439 0.0682 0.3724 0.1344
2
0.1017 0.4880 0.5551 0.0124
4
0.5643 0.8230 0.6887 0.9157 0.6580 0.4865 0.8349 0.2667
4
0.0866 0.9489 0.0901 0.3258 0.5585 0.3794 0.6768 0.6150
2
0.5000 0.4999 0.5001 0.5000
4
0.8986 0.7743 0.6493 0.4156 0.7316 0.3292 0.8088 0.1663
4
0.6582 0.5750 0.8242 0.2291 0.0174 0.1017 0.0417 0.8605
4
0.8038 0.8818 0.8659 0.9109 0.1105 0.5127 0.2821 0.1256
3
0.8912 0.6268 0.3728 0.6720 0.0131 0.0228
4
0.3972 0.4712 0.4403 0.3029 0.0261 0.4570 0.5838 0.2385
4
0.4000 0.2000 0.1000 0.7000 1.0000 0.5000 0.6000 0.3000
2
0.9563 0.0888 0.8365 0.6948
4
0.3989 0.3989 0.3989 0.3989 0.3989 0.3989 0.3989 0.3989
4
0.8844 0.3233 0.4434 0.1748 0.4480 0.5677 0.2618 0.2501
4
0.9831 0.0262 0.3384 0.8664 0.5404 0.6331 0.4670 0.5340
3
0.1395 0.3438 0.8419 0.5229 0.3163 0.0336
4
0.2394 0.3625 0.2856 0.5206 0.3137 0.6482 0.6643 0.5337
4
0.2729 0.0477 0.8426 0.3110 0.2835 0.7631 0.3992 0.0071
4
0.7553 0.1487 0.6772 0.5780 0.0802 0.0805 0.9230 0.4594
4
0.4000 0.3995 0.4002 0.4000 0.4004 0.3999 0.4001 0.4000
2
0.5686 0.0552 0.8780 0.6150
4
0.3611 0.9235 0.7392 0.2614 0.0902 0.1414 0.2147 0.5339
4
0.0007 0.0007 0.0007 0.0007 0.0007 0.0007 0.0007 0.0007
4
0.5001 0.5002 0.4996 0.5000 0.4998 1.0000 0.4997 0.4999
3
0.6854 0.2274 0.8512 0.6882 0.8921 0.0037
4
0.0001 0.0001 0.0001 0.0001 0.0001 0.0001 0.0001 0.0001
4
0.4996 0.4996 0.4999 0.4998 0.4998 0.4997 0.4999 0.4997
2
0.0066 0.6551 0.6153 0.0951
2
0.5000 0.5000 0.4999 0.4999
4
0.3330 0.0433 0.5478 0.8477 0.8442 0.6017 0.4477 0.7930
4
0.6755 0.3911 0.6066 0.5441 0.3214 0.1729 0.3144 0.2686
4
0.2951 0.8912 0.3112 0.3294 0.5629 0.8377 0.1322 0.4586
1
0.0000 1.0000
4
0.3985 0.1456 0.6404 0.8019 0.9440 0.3520 0.4234 0.9153
2
0.9834 0.5322 0.7690 0.3023
4
0.6426 0.9363 0.9764 0.8875 0.0506 0.3656 0.5682 0.0650
4
0.8642 0.2469 0.8960 0.9243 0.5431 0.0348 0.6704 0.1218
3
0.7095 0.1570 0.3555 0.9675 0.1673 0.8104
4
0.4001 0.3996 0.3995 0.4005 0.3996 0.4001 0.3996 0.4001
2
0.9060 0.9669 0.3661 0.4972
2
0.4999 0.5000 0.5002 0.5001
1
0.0000 0.0000
4
0.4996 0.5000 0.5001 0.4997 0.5003 0.4998 0.5002 0.4999
2
0.5000 0.0000 0.5000 1.0000
4
0.2392 0.1928 0.7458 0.5230 0.3570 0.1547 0.8611 0.7323
4
0.0000 0.4997 0.4998 0.5002 0.5000 0.4996 0.5001 0.4999
2
0.9999 1.0000 1.0000 1.0000
4
0.6000 0.1000 0.2000 0.5000 0.7000 0.0000 0.4000 0.3000
3
0.0899 0.3705 0.8625 0.7461 0.2765 0.7425
4
0.1607 0.6852 0.7654 0.6036 0.5777 0.1980 0.7935 0.0769
4
0.9036 0.2443 0.9289 0.4896 0.6031 0.5777 0.5176 0.5192
3
0.3913 0.6666 0.1706 0.1771 0.0896 0.5339
2
1.0000 0.9997 0.9998 0.9999
2
0.0003 0.0001 0.0004 0.0002
4
0.0511 0.3767 0.8035 0.4708 0.4853 0.1407 0.2315 0.7963
3
0.9565 0.9975 0.5781 0.0870 0.6945 0.2853
4
0.3995 0.3996 0.4004 0.4002 0.4005 0.4004 0.4004 0.3998
4
0.9810 0.9810 0.9810 0.9810 0.9810 0.9810 0.9810 0.9810
3
0.7455 0.5443 0.1752 0.8597 0.2558 0.1924
3
0.1399 0.6067 0.8957 0.8994 0.7537 0.8497
4
0.6243 0.7423 0.6554 0.5720 0.3811 0.9872 0.1401 0.1399
4
0.2672 0.2666 0.2017 0.1528 0.6987 0.3638 0.8757 0.8367
4
0.0647 0.9502 0.9272 0.0022 0.6297 0.0547 0.3009 0.2028
2
0.1226 0.9028 0.7568 0.3504
2
1.0000 0.9999 1.0000 0.9999
4
0.0000 0.0000 1.0000 1.0000 0.0000 1.0000 1.0000 0.0000
3
0.2334 0.6190 0.0064 0.9567 0.0323 0.2528
1
1.0000 1.0000
4
0.4003 0.3997 0.4000 0.4000 0.4003 0.4005 0.3995 0.4002
1
0.1234 0.9876
4
0.5081 0.6243 0.2431 0.7931 0.5456 0.9886 0.8933 0.6624
4
0.4676 0.6603 0.6721 0.6817 0.3142 0.7543 0.2767 0.5691
3
0.8068 0.8136 0.1106 0.9329 0.0536 0.3286
3
0.6695 0.2198 0.1322 0.3413 0.9510 0.4260
2
0.4313 0.4964 0.3256 0.2282
4
1.0000 0.0000 1.0000 0.0000 0.0000 1.0000 1.0000 1.0000
3
0.7429 0.0974 0.2063 0.5562 0.5512 0.9668
